{
 "cells": [
  {
   "cell_type": "code",
   "execution_count": 4,
   "metadata": {},
   "outputs": [],
   "source": [
    "import pickle\n",
    "import pandas as pnd\n",
    "import numpy as np\n",
    "import matplotlib.pyplot as plt\n",
    "import seaborn\n",
    "from dist_rsa.models.debugging.l1_discrete import l1_model\n",
    "%matplotlib inline"
   ]
  },
  {
   "cell_type": "code",
   "execution_count": 6,
   "metadata": {},
   "outputs": [],
   "source": [
    "def titrate(size,amount,l1_sig1,quds,only_trivial,pred,just_s1,just_l0=False,sig1=0.1,sig2=0.1,prior=False):\n",
    "    results = l1_model(subj=\"subj1\",\n",
    "                             pred=pred,\n",
    "                             sig1=sig1,\n",
    "                             sig2=sig2,\n",
    "                             l1_sig1=l1_sig1,\n",
    "                             resolution=(size,amount),\n",
    "                             quds=quds,\n",
    "                             only_trivial=only_trivial,\n",
    "                             just_s1=just_s1,\n",
    "                             just_l0=just_l0\n",
    "                            )\n",
    "\n",
    "\n",
    "#     n=np.asarray([1 if x[1]==3 or x[0]==3 else 0 for x in results[1]])\n",
    "# #     print(results[0].shape)\n",
    "# #     print(n.shape)\n",
    "#     print(\"\\n\\n\\nRESULTS\\n\\n\\n\")\n",
    "#     print(n)\n",
    "#     n=np.reshape(n,(size*2,size*2))\n",
    "    \n",
    "#     hm = pnd.DataFrame(n,columns=np.arange(-size,size)*amount,index=np.arange(-size,size)*amount)\n",
    "#     seaborn.heatmap(hm)\n",
    "    \n",
    "#     return None\n",
    "\n",
    "    if not prior:\n",
    "        results[0][size,:]=1\n",
    "        results[0][:,size]=1\n",
    "        results[0][size-1,size]=2\n",
    "        results[0][size,size+1]=2\n",
    "        hm = pnd.DataFrame(results[0],columns=np.arange(-size,size)*amount,index=np.arange(-size,size)*amount)\n",
    "        seaborn.heatmap(hm)\n",
    "    \n",
    "#     hm = pnd.DataFrame(results[1],columns=np.arange(-size,size)*amount,index=np.arange(-size,size)*amount)\n",
    "#     seaborn.heatmap(hm)\n",
    "\n",
    "    else:\n",
    "\n",
    "        hm = pnd.DataFrame(results[2],columns=np.arange(-size,size)*amount,index=np.arange(-size,size)*amount)\n",
    "        seaborn.heatmap(hm)\n",
    "    \n"
   ]
  },
  {
   "cell_type": "code",
   "execution_count": 7,
   "metadata": {},
   "outputs": [
    {
     "name": "stdout",
     "output_type": "stream",
     "text": [
      "UTTERANCES:\n",
      " ['pred1', 'pred2']\n",
      "subject: ['subj1']\n",
      "predicate pred2\n",
      "SIGs 1&2: 2.0 2.0\n",
      "L1 SIG 1.0\n",
      "step_size 0.1\n",
      "utt weight, qud weight 0.0 0.0\n",
      "number of qud dimensions: 1\n",
      "trival qud prior on? False\n",
      "rationality: 1.0\n",
      "sample number 2000\n",
      "Running categorical RSA with 2 possible utterances and 1\n",
      "qud_combinations 1\n",
      "quds 1\n",
      "discrete_worlds shape (400, 2)\n",
      "[-61.41893768 -50.91893768]\n",
      "discrete_worlds_prior.get_shape (400,)\n",
      "(1, 2, 2) (1, 1, 2)\n",
      "\n",
      "\n",
      "\n",
      "QUDS\n",
      "\n",
      "\n",
      " ['qud2']\n",
      "(400, 2)\n",
      "(array([[-0.00592804, -0.00760651, -0.00975418, -0.01250839, -0.01603508,\n",
      "        -0.02054214, -0.02630043, -0.03364563, -0.04299927, -0.05488205,\n",
      "        -0.0699358 , -0.08893967, -0.11282253, -0.14267492, -0.17974472,\n",
      "        -0.22541285, -0.2811501 , -0.34844458, -0.42870075, -0.52312326],\n",
      "       [-0.00760651, -0.00975418, -0.01250839, -0.01603508, -0.02054214,\n",
      "        -0.02630043, -0.03364563, -0.04299927, -0.05488205, -0.0699358 ,\n",
      "        -0.08893967, -0.11282253, -0.14267492, -0.17974472, -0.22541285,\n",
      "        -0.2811501 , -0.34844458, -0.42870075, -0.52312326, -0.632599  ],\n",
      "       [-0.00975418, -0.01250839, -0.01603508, -0.02054214, -0.02630043,\n",
      "        -0.03364563, -0.04299927, -0.05488205, -0.0699358 , -0.08893967,\n",
      "        -0.11282253, -0.14267492, -0.17974472, -0.22541285, -0.2811501 ,\n",
      "        -0.34844458, -0.42870075, -0.52312326, -0.632599  , -0.757599  ],\n",
      "       [-0.01250839, -0.01603508, -0.02054214, -0.02630043, -0.03364563,\n",
      "        -0.04299927, -0.05488205, -0.0699358 , -0.08893967, -0.11282253,\n",
      "        -0.14267492, -0.17974472, -0.22541285, -0.2811501 , -0.34844458,\n",
      "        -0.42870075, -0.52312326, -0.632599  , -0.757599  , -0.89812326],\n",
      "       [-0.01603508, -0.02054214, -0.02630043, -0.03364563, -0.04299927,\n",
      "        -0.05488205, -0.0699358 , -0.08893967, -0.11282253, -0.14267492,\n",
      "        -0.17974472, -0.22541285, -0.2811501 , -0.34844458, -0.42870075,\n",
      "        -0.52312326, -0.632599  , -0.757599  , -0.89812326, -1.05370069],\n",
      "       [-0.02054214, -0.02630043, -0.03364563, -0.04299927, -0.05488205,\n",
      "        -0.0699358 , -0.08893967, -0.11282253, -0.14267492, -0.17974472,\n",
      "        -0.22541285, -0.2811501 , -0.34844458, -0.42870075, -0.52312326,\n",
      "        -0.632599  , -0.757599  , -0.89812326, -1.05370069, -1.22344458],\n",
      "       [-0.02630043, -0.03364563, -0.04299927, -0.05488205, -0.0699358 ,\n",
      "        -0.08893967, -0.11282253, -0.14267492, -0.17974472, -0.22541285,\n",
      "        -0.2811501 , -0.34844458, -0.42870075, -0.52312326, -0.632599  ,\n",
      "        -0.757599  , -0.89812326, -1.05370069, -1.22344458, -1.40615022],\n",
      "       [-0.03364563, -0.04299927, -0.05488205, -0.0699358 , -0.08893967,\n",
      "        -0.11282253, -0.14267492, -0.17974472, -0.22541285, -0.2811501 ,\n",
      "        -0.34844458, -0.42870075, -0.52312326, -0.632599  , -0.757599  ,\n",
      "        -0.89812326, -1.05370069, -1.22344458, -1.40615022, -1.60041237],\n",
      "       [-0.04299927, -0.05488205, -0.0699358 , -0.08893967, -0.11282253,\n",
      "        -0.14267492, -0.17974472, -0.22541285, -0.2811501 , -0.34844458,\n",
      "        -0.42870075, -0.52312326, -0.632599  , -0.757599  , -0.89812326,\n",
      "        -1.05370069, -1.22344458, -1.40615022, -1.60041237, -1.8047452 ],\n",
      "       [-0.05488205, -0.0699358 , -0.08893967, -0.11282253, -0.14267492,\n",
      "        -0.17974472, -0.22541285, -0.2811501 , -0.34844458, -0.42870075,\n",
      "        -0.52312326, -0.632599  , -0.757599  , -0.89812326, -1.05370069,\n",
      "        -1.22344458, -1.40615022, -1.60041237, -1.8047452 , -2.01767445],\n",
      "       [-0.0699358 , -0.08893967, -0.11282253, -0.14267492, -0.17974472,\n",
      "        -0.22541285, -0.2811501 , -0.34844458, -0.42870075, -0.52312326,\n",
      "        -0.632599  , -0.757599  , -0.89812326, -1.05370069, -1.22344458,\n",
      "        -1.40615022, -1.60041237, -1.8047452 , -2.01767445, -2.23782206],\n",
      "       [-0.08893967, -0.11282253, -0.14267492, -0.17974472, -0.22541285,\n",
      "        -0.2811501 , -0.34844458, -0.42870075, -0.52312326, -0.632599  ,\n",
      "        -0.757599  , -0.89812326, -1.05370069, -1.22344458, -1.40615022,\n",
      "        -1.60041237, -1.8047452 , -2.01767445, -2.23782206, -2.46394062],\n",
      "       [-0.11282253, -0.14267492, -0.17974472, -0.22541285, -0.2811501 ,\n",
      "        -0.34844458, -0.42870075, -0.52312326, -0.632599  , -0.757599  ,\n",
      "        -0.89812326, -1.05370069, -1.22344458, -1.40615022, -1.60041237,\n",
      "        -1.8047452 , -2.01767445, -2.23782206, -2.46394062, -2.69493484],\n",
      "       [-0.14267492, -0.17974472, -0.22541285, -0.2811501 , -0.34844458,\n",
      "        -0.42870075, -0.52312326, -0.632599  , -0.757599  , -0.89812326,\n",
      "        -1.05370069, -1.22344458, -1.40615022, -1.60041237, -1.8047452 ,\n",
      "        -2.01767445, -2.23782206, -2.46394062, -2.69493484, -2.9298811 ],\n",
      "       [-0.17974472, -0.22541285, -0.2811501 , -0.34844458, -0.42870075,\n",
      "        -0.52312326, -0.632599  , -0.757599  , -0.89812326, -1.05370069,\n",
      "        -1.22344458, -1.40615022, -1.60041237, -1.8047452 , -2.01767445,\n",
      "        -2.23782206, -2.46394062, -2.69493484, -2.9298811 , -3.16799927],\n",
      "       [-0.22541285, -0.2811501 , -0.34844458, -0.42870075, -0.52312326,\n",
      "        -0.632599  , -0.757599  , -0.89812326, -1.05370069, -1.22344458,\n",
      "        -1.40615022, -1.60041237, -1.8047452 , -2.01767445, -2.23782206,\n",
      "        -2.46394062, -2.69493484, -2.9298811 , -3.16799927, -3.40864754],\n",
      "       [-0.2811501 , -0.34844458, -0.42870075, -0.52312326, -0.632599  ,\n",
      "        -0.757599  , -0.89812326, -1.05370069, -1.22344458, -1.40615022,\n",
      "        -1.60041237, -1.8047452 , -2.01767445, -2.23782206, -2.46394062,\n",
      "        -2.69493484, -2.9298811 , -3.16799927, -3.40864754, -3.65130043],\n",
      "       [-0.34844458, -0.42870075, -0.52312326, -0.632599  , -0.757599  ,\n",
      "        -0.89812326, -1.05370069, -1.22344458, -1.40615022, -1.60041237,\n",
      "        -1.8047452 , -2.01767445, -2.23782206, -2.46394062, -2.69493484,\n",
      "        -2.9298811 , -3.16799927, -3.40864754, -3.65130043, -3.89554024],\n",
      "       [-0.42870075, -0.52312326, -0.632599  , -0.757599  , -0.89812326,\n",
      "        -1.05370069, -1.22344458, -1.40615022, -1.60041237, -1.8047452 ,\n",
      "        -2.01767445, -2.23782206, -2.46394062, -2.69493484, -2.9298811 ,\n",
      "        -3.16799927, -3.40864754, -3.65130043, -3.89554024, -4.14103317],\n",
      "       [-0.52312326, -0.632599  , -0.757599  , -0.89812326, -1.05370069,\n",
      "        -1.22344458, -1.40615022, -1.60041237, -1.8047452 , -2.01767445,\n",
      "        -2.23782206, -2.46394062, -2.69493484, -2.9298811 , -3.16799927,\n",
      "        -3.40864754, -3.65130043, -3.89554024, -4.14103317, -4.38750839]], dtype=float32), array([[-10.,  10.],\n",
      "       [ -9.,  10.],\n",
      "       [ -8.,  10.],\n",
      "       [ -7.,  10.],\n",
      "       [ -6.,  10.],\n",
      "       [ -5.,  10.],\n",
      "       [ -4.,  10.],\n",
      "       [ -3.,  10.],\n",
      "       [ -2.,  10.],\n",
      "       [ -1.,  10.],\n",
      "       [  0.,  10.],\n",
      "       [  1.,  10.],\n",
      "       [  2.,  10.],\n",
      "       [  3.,  10.],\n",
      "       [  4.,  10.],\n",
      "       [  5.,  10.],\n",
      "       [  6.,  10.],\n",
      "       [  7.,  10.],\n",
      "       [  8.,  10.],\n",
      "       [  9.,  10.],\n",
      "       [-10.,   9.],\n",
      "       [ -9.,   9.],\n",
      "       [ -8.,   9.],\n",
      "       [ -7.,   9.],\n",
      "       [ -6.,   9.],\n",
      "       [ -5.,   9.],\n",
      "       [ -4.,   9.],\n",
      "       [ -3.,   9.],\n",
      "       [ -2.,   9.],\n",
      "       [ -1.,   9.],\n",
      "       [  0.,   9.],\n",
      "       [  1.,   9.],\n",
      "       [  2.,   9.],\n",
      "       [  3.,   9.],\n",
      "       [  4.,   9.],\n",
      "       [  5.,   9.],\n",
      "       [  6.,   9.],\n",
      "       [  7.,   9.],\n",
      "       [  8.,   9.],\n",
      "       [  9.,   9.],\n",
      "       [-10.,   8.],\n",
      "       [ -9.,   8.],\n",
      "       [ -8.,   8.],\n",
      "       [ -7.,   8.],\n",
      "       [ -6.,   8.],\n",
      "       [ -5.,   8.],\n",
      "       [ -4.,   8.],\n",
      "       [ -3.,   8.],\n",
      "       [ -2.,   8.],\n",
      "       [ -1.,   8.],\n",
      "       [  0.,   8.],\n",
      "       [  1.,   8.],\n",
      "       [  2.,   8.],\n",
      "       [  3.,   8.],\n",
      "       [  4.,   8.],\n",
      "       [  5.,   8.],\n",
      "       [  6.,   8.],\n",
      "       [  7.,   8.],\n",
      "       [  8.,   8.],\n",
      "       [  9.,   8.],\n",
      "       [-10.,   7.],\n",
      "       [ -9.,   7.],\n",
      "       [ -8.,   7.],\n",
      "       [ -7.,   7.],\n",
      "       [ -6.,   7.],\n",
      "       [ -5.,   7.],\n",
      "       [ -4.,   7.],\n",
      "       [ -3.,   7.],\n",
      "       [ -2.,   7.],\n",
      "       [ -1.,   7.],\n",
      "       [  0.,   7.],\n",
      "       [  1.,   7.],\n",
      "       [  2.,   7.],\n",
      "       [  3.,   7.],\n",
      "       [  4.,   7.],\n",
      "       [  5.,   7.],\n",
      "       [  6.,   7.],\n",
      "       [  7.,   7.],\n",
      "       [  8.,   7.],\n",
      "       [  9.,   7.],\n",
      "       [-10.,   6.],\n",
      "       [ -9.,   6.],\n",
      "       [ -8.,   6.],\n",
      "       [ -7.,   6.],\n",
      "       [ -6.,   6.],\n",
      "       [ -5.,   6.],\n",
      "       [ -4.,   6.],\n",
      "       [ -3.,   6.],\n",
      "       [ -2.,   6.],\n",
      "       [ -1.,   6.],\n",
      "       [  0.,   6.],\n",
      "       [  1.,   6.],\n",
      "       [  2.,   6.],\n",
      "       [  3.,   6.],\n",
      "       [  4.,   6.],\n",
      "       [  5.,   6.],\n",
      "       [  6.,   6.],\n",
      "       [  7.,   6.],\n",
      "       [  8.,   6.],\n",
      "       [  9.,   6.],\n",
      "       [-10.,   5.],\n",
      "       [ -9.,   5.],\n",
      "       [ -8.,   5.],\n",
      "       [ -7.,   5.],\n",
      "       [ -6.,   5.],\n",
      "       [ -5.,   5.],\n",
      "       [ -4.,   5.],\n",
      "       [ -3.,   5.],\n",
      "       [ -2.,   5.],\n",
      "       [ -1.,   5.],\n",
      "       [  0.,   5.],\n",
      "       [  1.,   5.],\n",
      "       [  2.,   5.],\n",
      "       [  3.,   5.],\n",
      "       [  4.,   5.],\n",
      "       [  5.,   5.],\n",
      "       [  6.,   5.],\n",
      "       [  7.,   5.],\n",
      "       [  8.,   5.],\n",
      "       [  9.,   5.],\n",
      "       [-10.,   4.],\n",
      "       [ -9.,   4.],\n",
      "       [ -8.,   4.],\n",
      "       [ -7.,   4.],\n",
      "       [ -6.,   4.],\n",
      "       [ -5.,   4.],\n",
      "       [ -4.,   4.],\n",
      "       [ -3.,   4.],\n",
      "       [ -2.,   4.],\n",
      "       [ -1.,   4.],\n",
      "       [  0.,   4.],\n",
      "       [  1.,   4.],\n",
      "       [  2.,   4.],\n",
      "       [  3.,   4.],\n",
      "       [  4.,   4.],\n",
      "       [  5.,   4.],\n",
      "       [  6.,   4.],\n",
      "       [  7.,   4.],\n",
      "       [  8.,   4.],\n",
      "       [  9.,   4.],\n",
      "       [-10.,   3.],\n",
      "       [ -9.,   3.],\n",
      "       [ -8.,   3.],\n",
      "       [ -7.,   3.],\n",
      "       [ -6.,   3.],\n",
      "       [ -5.,   3.],\n",
      "       [ -4.,   3.],\n",
      "       [ -3.,   3.],\n",
      "       [ -2.,   3.],\n",
      "       [ -1.,   3.],\n",
      "       [  0.,   3.],\n",
      "       [  1.,   3.],\n",
      "       [  2.,   3.],\n",
      "       [  3.,   3.],\n",
      "       [  4.,   3.],\n",
      "       [  5.,   3.],\n",
      "       [  6.,   3.],\n",
      "       [  7.,   3.],\n",
      "       [  8.,   3.],\n",
      "       [  9.,   3.],\n",
      "       [-10.,   2.],\n",
      "       [ -9.,   2.],\n",
      "       [ -8.,   2.],\n",
      "       [ -7.,   2.],\n",
      "       [ -6.,   2.],\n",
      "       [ -5.,   2.],\n",
      "       [ -4.,   2.],\n",
      "       [ -3.,   2.],\n",
      "       [ -2.,   2.],\n",
      "       [ -1.,   2.],\n",
      "       [  0.,   2.],\n",
      "       [  1.,   2.],\n",
      "       [  2.,   2.],\n",
      "       [  3.,   2.],\n",
      "       [  4.,   2.],\n",
      "       [  5.,   2.],\n",
      "       [  6.,   2.],\n",
      "       [  7.,   2.],\n",
      "       [  8.,   2.],\n",
      "       [  9.,   2.],\n",
      "       [-10.,   1.],\n",
      "       [ -9.,   1.],\n",
      "       [ -8.,   1.],\n",
      "       [ -7.,   1.],\n",
      "       [ -6.,   1.],\n",
      "       [ -5.,   1.],\n",
      "       [ -4.,   1.],\n",
      "       [ -3.,   1.],\n",
      "       [ -2.,   1.],\n",
      "       [ -1.,   1.],\n",
      "       [  0.,   1.],\n",
      "       [  1.,   1.],\n",
      "       [  2.,   1.],\n",
      "       [  3.,   1.],\n",
      "       [  4.,   1.],\n",
      "       [  5.,   1.],\n",
      "       [  6.,   1.],\n",
      "       [  7.,   1.],\n",
      "       [  8.,   1.],\n",
      "       [  9.,   1.],\n",
      "       [-10.,   0.],\n",
      "       [ -9.,   0.],\n",
      "       [ -8.,   0.],\n",
      "       [ -7.,   0.],\n",
      "       [ -6.,   0.],\n",
      "       [ -5.,   0.],\n",
      "       [ -4.,   0.],\n",
      "       [ -3.,   0.],\n",
      "       [ -2.,   0.],\n",
      "       [ -1.,   0.],\n",
      "       [  0.,   0.],\n",
      "       [  1.,   0.],\n",
      "       [  2.,   0.],\n",
      "       [  3.,   0.],\n",
      "       [  4.,   0.],\n",
      "       [  5.,   0.],\n",
      "       [  6.,   0.],\n",
      "       [  7.,   0.],\n",
      "       [  8.,   0.],\n",
      "       [  9.,   0.],\n",
      "       [-10.,  -1.],\n",
      "       [ -9.,  -1.],\n",
      "       [ -8.,  -1.],\n",
      "       [ -7.,  -1.],\n",
      "       [ -6.,  -1.],\n",
      "       [ -5.,  -1.],\n",
      "       [ -4.,  -1.],\n",
      "       [ -3.,  -1.],\n",
      "       [ -2.,  -1.],\n",
      "       [ -1.,  -1.],\n",
      "       [  0.,  -1.],\n",
      "       [  1.,  -1.],\n",
      "       [  2.,  -1.],\n",
      "       [  3.,  -1.],\n",
      "       [  4.,  -1.],\n",
      "       [  5.,  -1.],\n",
      "       [  6.,  -1.],\n",
      "       [  7.,  -1.],\n",
      "       [  8.,  -1.],\n",
      "       [  9.,  -1.],\n",
      "       [-10.,  -2.],\n",
      "       [ -9.,  -2.],\n",
      "       [ -8.,  -2.],\n",
      "       [ -7.,  -2.],\n",
      "       [ -6.,  -2.],\n",
      "       [ -5.,  -2.],\n",
      "       [ -4.,  -2.],\n",
      "       [ -3.,  -2.],\n",
      "       [ -2.,  -2.],\n",
      "       [ -1.,  -2.],\n",
      "       [  0.,  -2.],\n",
      "       [  1.,  -2.],\n",
      "       [  2.,  -2.],\n",
      "       [  3.,  -2.],\n",
      "       [  4.,  -2.],\n",
      "       [  5.,  -2.],\n",
      "       [  6.,  -2.],\n",
      "       [  7.,  -2.],\n",
      "       [  8.,  -2.],\n",
      "       [  9.,  -2.],\n",
      "       [-10.,  -3.],\n",
      "       [ -9.,  -3.],\n",
      "       [ -8.,  -3.],\n",
      "       [ -7.,  -3.],\n",
      "       [ -6.,  -3.],\n",
      "       [ -5.,  -3.],\n",
      "       [ -4.,  -3.],\n",
      "       [ -3.,  -3.],\n",
      "       [ -2.,  -3.],\n",
      "       [ -1.,  -3.],\n",
      "       [  0.,  -3.],\n",
      "       [  1.,  -3.],\n",
      "       [  2.,  -3.],\n",
      "       [  3.,  -3.],\n",
      "       [  4.,  -3.],\n",
      "       [  5.,  -3.],\n",
      "       [  6.,  -3.],\n",
      "       [  7.,  -3.],\n",
      "       [  8.,  -3.],\n",
      "       [  9.,  -3.],\n",
      "       [-10.,  -4.],\n",
      "       [ -9.,  -4.],\n",
      "       [ -8.,  -4.],\n",
      "       [ -7.,  -4.],\n",
      "       [ -6.,  -4.],\n",
      "       [ -5.,  -4.],\n",
      "       [ -4.,  -4.],\n",
      "       [ -3.,  -4.],\n",
      "       [ -2.,  -4.],\n",
      "       [ -1.,  -4.],\n",
      "       [  0.,  -4.],\n",
      "       [  1.,  -4.],\n",
      "       [  2.,  -4.],\n",
      "       [  3.,  -4.],\n",
      "       [  4.,  -4.],\n",
      "       [  5.,  -4.],\n",
      "       [  6.,  -4.],\n",
      "       [  7.,  -4.],\n",
      "       [  8.,  -4.],\n",
      "       [  9.,  -4.],\n",
      "       [-10.,  -5.],\n",
      "       [ -9.,  -5.],\n",
      "       [ -8.,  -5.],\n",
      "       [ -7.,  -5.],\n",
      "       [ -6.,  -5.],\n",
      "       [ -5.,  -5.],\n",
      "       [ -4.,  -5.],\n",
      "       [ -3.,  -5.],\n",
      "       [ -2.,  -5.],\n",
      "       [ -1.,  -5.],\n",
      "       [  0.,  -5.],\n",
      "       [  1.,  -5.],\n",
      "       [  2.,  -5.],\n",
      "       [  3.,  -5.],\n",
      "       [  4.,  -5.],\n",
      "       [  5.,  -5.],\n",
      "       [  6.,  -5.],\n",
      "       [  7.,  -5.],\n",
      "       [  8.,  -5.],\n",
      "       [  9.,  -5.],\n",
      "       [-10.,  -6.],\n",
      "       [ -9.,  -6.],\n",
      "       [ -8.,  -6.],\n",
      "       [ -7.,  -6.],\n",
      "       [ -6.,  -6.],\n",
      "       [ -5.,  -6.],\n",
      "       [ -4.,  -6.],\n",
      "       [ -3.,  -6.],\n",
      "       [ -2.,  -6.],\n",
      "       [ -1.,  -6.],\n",
      "       [  0.,  -6.],\n",
      "       [  1.,  -6.],\n",
      "       [  2.,  -6.],\n",
      "       [  3.,  -6.],\n",
      "       [  4.,  -6.],\n",
      "       [  5.,  -6.],\n",
      "       [  6.,  -6.],\n",
      "       [  7.,  -6.],\n",
      "       [  8.,  -6.],\n",
      "       [  9.,  -6.],\n",
      "       [-10.,  -7.],\n",
      "       [ -9.,  -7.],\n",
      "       [ -8.,  -7.],\n",
      "       [ -7.,  -7.],\n",
      "       [ -6.,  -7.],\n",
      "       [ -5.,  -7.],\n",
      "       [ -4.,  -7.],\n",
      "       [ -3.,  -7.],\n",
      "       [ -2.,  -7.],\n",
      "       [ -1.,  -7.],\n",
      "       [  0.,  -7.],\n",
      "       [  1.,  -7.],\n",
      "       [  2.,  -7.],\n",
      "       [  3.,  -7.],\n",
      "       [  4.,  -7.],\n",
      "       [  5.,  -7.],\n",
      "       [  6.,  -7.],\n",
      "       [  7.,  -7.],\n",
      "       [  8.,  -7.],\n",
      "       [  9.,  -7.],\n",
      "       [-10.,  -8.],\n",
      "       [ -9.,  -8.],\n",
      "       [ -8.,  -8.],\n",
      "       [ -7.,  -8.],\n",
      "       [ -6.,  -8.],\n",
      "       [ -5.,  -8.],\n",
      "       [ -4.,  -8.],\n",
      "       [ -3.,  -8.],\n",
      "       [ -2.,  -8.],\n",
      "       [ -1.,  -8.],\n",
      "       [  0.,  -8.],\n",
      "       [  1.,  -8.],\n",
      "       [  2.,  -8.],\n",
      "       [  3.,  -8.],\n",
      "       [  4.,  -8.],\n",
      "       [  5.,  -8.],\n",
      "       [  6.,  -8.],\n",
      "       [  7.,  -8.],\n",
      "       [  8.,  -8.],\n",
      "       [  9.,  -8.],\n",
      "       [-10.,  -9.],\n",
      "       [ -9.,  -9.],\n",
      "       [ -8.,  -9.],\n",
      "       [ -7.,  -9.],\n",
      "       [ -6.,  -9.],\n",
      "       [ -5.,  -9.],\n",
      "       [ -4.,  -9.],\n",
      "       [ -3.,  -9.],\n",
      "       [ -2.,  -9.],\n",
      "       [ -1.,  -9.],\n",
      "       [  0.,  -9.],\n",
      "       [  1.,  -9.],\n",
      "       [  2.,  -9.],\n",
      "       [  3.,  -9.],\n",
      "       [  4.,  -9.],\n",
      "       [  5.,  -9.],\n",
      "       [  6.,  -9.],\n",
      "       [  7.,  -9.],\n",
      "       [  8.,  -9.],\n",
      "       [  9.,  -9.]], dtype=float32), array([[-112.33787537, -101.83787537,  -92.33787537,  -83.83787537,\n",
      "         -76.33787537,  -69.83787537,  -64.33787537,  -59.83787537,\n",
      "         -56.33787537,  -53.83787537,  -52.33787537,  -51.83787537,\n",
      "         -52.33787537,  -53.83787537,  -56.33787537,  -59.83787537,\n",
      "         -64.33787537,  -69.83787537,  -76.33787537,  -83.83787537],\n",
      "       [-102.83787537,  -92.33787537,  -82.83787537,  -74.33787537,\n",
      "         -66.83787537,  -60.33787537,  -54.83787537,  -50.33787537,\n",
      "         -46.83787537,  -44.33787537,  -42.83787537,  -42.33787537,\n",
      "         -42.83787537,  -44.33787537,  -46.83787537,  -50.33787537,\n",
      "         -54.83787537,  -60.33787537,  -66.83787537,  -74.33787537],\n",
      "       [ -94.33787537,  -83.83787537,  -74.33787537,  -65.83787537,\n",
      "         -58.33787537,  -51.83787537,  -46.33787537,  -41.83787537,\n",
      "         -38.33787537,  -35.83787537,  -34.33787537,  -33.83787537,\n",
      "         -34.33787537,  -35.83787537,  -38.33787537,  -41.83787537,\n",
      "         -46.33787537,  -51.83787537,  -58.33787537,  -65.83787537],\n",
      "       [ -86.83787537,  -76.33787537,  -66.83787537,  -58.33787537,\n",
      "         -50.83787537,  -44.33787537,  -38.83787537,  -34.33787537,\n",
      "         -30.83787537,  -28.33787537,  -26.83787537,  -26.33787537,\n",
      "         -26.83787537,  -28.33787537,  -30.83787537,  -34.33787537,\n",
      "         -38.83787537,  -44.33787537,  -50.83787537,  -58.33787537],\n",
      "       [ -80.33787537,  -69.83787537,  -60.33787537,  -51.83787537,\n",
      "         -44.33787537,  -37.83787537,  -32.33787537,  -27.83787537,\n",
      "         -24.33787537,  -21.83787537,  -20.33787537,  -19.83787537,\n",
      "         -20.33787537,  -21.83787537,  -24.33787537,  -27.83787537,\n",
      "         -32.33787537,  -37.83787537,  -44.33787537,  -51.83787537],\n",
      "       [ -74.83787537,  -64.33787537,  -54.83787537,  -46.33787537,\n",
      "         -38.83787537,  -32.33787537,  -26.83787727,  -22.33787727,\n",
      "         -18.83787727,  -16.33787727,  -14.83787727,  -14.33787727,\n",
      "         -14.83787727,  -16.33787727,  -18.83787727,  -22.33787727,\n",
      "         -26.83787727,  -32.33787537,  -38.83787537,  -46.33787537],\n",
      "       [ -70.33787537,  -59.83787537,  -50.33787537,  -41.83787537,\n",
      "         -34.33787537,  -27.83787537,  -22.33787727,  -17.83787727,\n",
      "         -14.33787727,  -11.83787727,  -10.33787727,   -9.83787727,\n",
      "         -10.33787727,  -11.83787727,  -14.33787727,  -17.83787727,\n",
      "         -22.33787727,  -27.83787537,  -34.33787537,  -41.83787537],\n",
      "       [ -66.83787537,  -56.33787537,  -46.83787537,  -38.33787537,\n",
      "         -30.83787537,  -24.33787537,  -18.83787727,  -14.33787727,\n",
      "         -10.83787727,   -8.33787727,   -6.83787727,   -6.33787727,\n",
      "          -6.83787727,   -8.33787727,  -10.83787727,  -14.33787727,\n",
      "         -18.83787727,  -24.33787537,  -30.83787537,  -38.33787537],\n",
      "       [ -64.33787537,  -53.83787537,  -44.33787537,  -35.83787537,\n",
      "         -28.33787537,  -21.83787537,  -16.33787727,  -11.83787727,\n",
      "          -8.33787727,   -5.83787727,   -4.33787727,   -3.83787727,\n",
      "          -4.33787727,   -5.83787727,   -8.33787727,  -11.83787727,\n",
      "         -16.33787727,  -21.83787537,  -28.33787537,  -35.83787537],\n",
      "       [ -62.83787537,  -52.33787537,  -42.83787537,  -34.33787537,\n",
      "         -26.83787537,  -20.33787537,  -14.83787727,  -10.33787727,\n",
      "          -6.83787727,   -4.33787727,   -2.83787704,   -2.33787704,\n",
      "          -2.83787704,   -4.33787727,   -6.83787727,  -10.33787727,\n",
      "         -14.83787727,  -20.33787537,  -26.83787537,  -34.33787537],\n",
      "       [ -62.33787537,  -51.83787537,  -42.33787537,  -33.83787537,\n",
      "         -26.33787537,  -19.83787537,  -14.33787727,   -9.83787727,\n",
      "          -6.33787727,   -3.83787727,   -2.33787704,   -1.83787704,\n",
      "          -2.33787704,   -3.83787727,   -6.33787727,   -9.83787727,\n",
      "         -14.33787727,  -19.83787537,  -26.33787537,  -33.83787537],\n",
      "       [ -62.83787537,  -52.33787537,  -42.83787537,  -34.33787537,\n",
      "         -26.83787537,  -20.33787537,  -14.83787727,  -10.33787727,\n",
      "          -6.83787727,   -4.33787727,   -2.83787704,   -2.33787704,\n",
      "          -2.83787704,   -4.33787727,   -6.83787727,  -10.33787727,\n",
      "         -14.83787727,  -20.33787537,  -26.83787537,  -34.33787537],\n",
      "       [ -64.33787537,  -53.83787537,  -44.33787537,  -35.83787537,\n",
      "         -28.33787537,  -21.83787537,  -16.33787727,  -11.83787727,\n",
      "          -8.33787727,   -5.83787727,   -4.33787727,   -3.83787727,\n",
      "          -4.33787727,   -5.83787727,   -8.33787727,  -11.83787727,\n",
      "         -16.33787727,  -21.83787537,  -28.33787537,  -35.83787537],\n",
      "       [ -66.83787537,  -56.33787537,  -46.83787537,  -38.33787537,\n",
      "         -30.83787537,  -24.33787537,  -18.83787727,  -14.33787727,\n",
      "         -10.83787727,   -8.33787727,   -6.83787727,   -6.33787727,\n",
      "          -6.83787727,   -8.33787727,  -10.83787727,  -14.33787727,\n",
      "         -18.83787727,  -24.33787537,  -30.83787537,  -38.33787537],\n",
      "       [ -70.33787537,  -59.83787537,  -50.33787537,  -41.83787537,\n",
      "         -34.33787537,  -27.83787537,  -22.33787727,  -17.83787727,\n",
      "         -14.33787727,  -11.83787727,  -10.33787727,   -9.83787727,\n",
      "         -10.33787727,  -11.83787727,  -14.33787727,  -17.83787727,\n",
      "         -22.33787727,  -27.83787537,  -34.33787537,  -41.83787537],\n",
      "       [ -74.83787537,  -64.33787537,  -54.83787537,  -46.33787537,\n",
      "         -38.83787537,  -32.33787537,  -26.83787727,  -22.33787727,\n",
      "         -18.83787727,  -16.33787727,  -14.83787727,  -14.33787727,\n",
      "         -14.83787727,  -16.33787727,  -18.83787727,  -22.33787727,\n",
      "         -26.83787727,  -32.33787537,  -38.83787537,  -46.33787537],\n",
      "       [ -80.33787537,  -69.83787537,  -60.33787537,  -51.83787537,\n",
      "         -44.33787537,  -37.83787537,  -32.33787537,  -27.83787537,\n",
      "         -24.33787537,  -21.83787537,  -20.33787537,  -19.83787537,\n",
      "         -20.33787537,  -21.83787537,  -24.33787537,  -27.83787537,\n",
      "         -32.33787537,  -37.83787537,  -44.33787537,  -51.83787537],\n",
      "       [ -86.83787537,  -76.33787537,  -66.83787537,  -58.33787537,\n",
      "         -50.83787537,  -44.33787537,  -38.83787537,  -34.33787537,\n",
      "         -30.83787537,  -28.33787537,  -26.83787537,  -26.33787537,\n",
      "         -26.83787537,  -28.33787537,  -30.83787537,  -34.33787537,\n",
      "         -38.83787537,  -44.33787537,  -50.83787537,  -58.33787537],\n",
      "       [ -94.33787537,  -83.83787537,  -74.33787537,  -65.83787537,\n",
      "         -58.33787537,  -51.83787537,  -46.33787537,  -41.83787537,\n",
      "         -38.33787537,  -35.83787537,  -34.33787537,  -33.83787537,\n",
      "         -34.33787537,  -35.83787537,  -38.33787537,  -41.83787537,\n",
      "         -46.33787537,  -51.83787537,  -58.33787537,  -65.83787537],\n",
      "       [-102.83787537,  -92.33787537,  -82.83787537,  -74.33787537,\n",
      "         -66.83787537,  -60.33787537,  -54.83787537,  -50.33787537,\n",
      "         -46.83787537,  -44.33787537,  -42.83787537,  -42.33787537,\n",
      "         -42.83787537,  -44.33787537,  -46.83787537,  -50.33787537,\n",
      "         -54.83787537,  -60.33787537,  -66.83787537,  -74.33787537]], dtype=float32))\n"
     ]
    },
    {
     "data": {
